,0,1,cluster
0,-1.152308172,0.294349514,2
1,-1.112781599,0.017824945,2
2,-1.111425558,0.04973018,2
3,-1.089972969,0.015369896,2
4,-1.088810659,0.260137806,2
5,-1.079498907,0.140847317,2
6,-1.076362977,0.136235403,2
7,-1.06595361,0.154895823,2
8,-1.060800002,0.084828334,2
9,-1.053570669,0.233552571,2
10,-1.047750545,0.007657275,2
11,-1.046669802,0.300319515,2
12,-1.043371271,0.147281353,2
13,-1.039191607,0.035121734,2
14,-1.038041363,0.612949552,2
15,-1.036219009,0.192067723,2
16,-1.029796376,0.328244659,2
17,-1.02154501,0.347954275,2
18,-1.021074363,-0.016633203,2
19,-1.020697127,0.126154074,2
20,-1.015311109,0.095731885,2
21,-1.013662792,-0.068293487,2
22,-1.013118301,0.020293949,2
23,-1.006061439,0.334157725,2
24,-1.004586549,0.23998876,2
25,-1.00047959,0.183408528,2
26,-0.998543239,0.466838345,2
27,-0.994825226,0.567167759,2
28,-0.994591114,0.005258624,2
29,-0.991431536,0.37836681,2
30,-0.982923711,0.118220575,2
31,-0.978734923,0.593660117,2
32,-0.976259387,0.52471706,2
33,-0.968277798,0.445120816,2
34,-0.963983579,0.392424307,2
35,-0.96326726,0.469185224,2
36,-0.962634203,0.118971374,2
37,-0.961488221,0.309489044,2
38,-0.961468998,0.167307989,2
39,-0.960481785,0.360944645,2
40,-0.959566428,0.548639195,2
41,-0.956695275,0.149520081,2
42,-0.945782046,0.295645161,2
43,-0.940654397,0.382214906,2
44,-0.940649999,0.39475225,2
45,-0.938224206,0.487103682,2
46,-0.936546379,0.35804983,2
47,-0.936269817,0.36473638,2
48,-0.932990636,0.465572964,2
49,-0.930402209,0.455991891,2
50,-0.930127512,0.504986018,2
51,-0.927696741,0.073298629,2
52,-0.926194155,0.435164864,2
53,-0.925665068,0.213960339,2
54,-0.922829385,0.387031754,2
55,-0.921883504,0.393531048,2
56,-0.919511851,0.734435294,2
57,-0.916280796,0.562541062,2
58,-0.91283169,0.279527503,2
59,-0.912406944,0.379624802,2
60,-0.911543316,0.183467183,2
61,-0.909595066,-0.052412702,2
62,-0.907825204,0.42026153,2
63,-0.90646663,0.399056458,2
64,-0.905206753,0.441823123,2
65,-0.904929457,0.449533714,2
66,-0.903718239,0.343037055,2
67,-0.903481976,0.206967647,2
68,-0.897398546,0.208226901,2
69,-0.894526638,-0.043179793,2
70,-0.890045401,0.144898138,2
71,-0.887495503,0.209290647,2
72,-0.886136254,0.473151939,2
73,-0.885560646,0.256781596,2
74,-0.883303384,0.765061544,2
75,-0.882336632,0.164036055,2
76,-0.880714155,0.591384096,2
77,-0.880171793,0.249137148,2
78,-0.8719709,0.35565543,2
79,-0.867797448,0.549177785,2
80,-0.867197421,0.577628164,2
81,-0.863158682,0.216984327,2
82,-0.860801914,0.10184352,2
83,-0.858573533,0.288294517,2
84,-0.854333466,0.34552988,2
85,-0.854324074,0.607081204,2
86,-0.853935394,0.188134667,2
87,-0.852323138,0.451831067,2
88,-0.852319498,0.314864529,2
89,-0.84603117,0.380494095,2
90,-0.842385858,0.539631256,2
91,-0.838996778,0.547476163,2
92,-0.835870823,0.612416346,2
93,-0.833009782,0.635109379,2
94,-0.828170132,0.348053444,2
95,-0.822585945,0.476183836,2
96,-0.819027906,0.649559911,2
97,-0.81553219,0.772230674,2
98,-0.814488933,0.533852268,2
99,-0.812206711,0.599599168,2
100,-0.80960908,0.541107757,2
101,-0.80378462,0.571801859,2
102,-0.803331766,0.478333906,2
103,-0.802984037,0.262288384,2
104,-0.801149478,0.512157,2
105,-0.801136958,0.708265905,2
106,-0.800293906,0.637130193,2
107,-0.799441592,0.773468792,2
108,-0.792141697,0.71327118,2
109,-0.787520465,0.628328814,2
110,-0.787130692,0.748262082,2
111,-0.786990251,0.68701432,2
112,-0.786466222,0.568637716,2
113,-0.785402576,0.608585306,2
114,-0.779735884,0.511701077,2
115,-0.778706283,0.610509115,2
116,-0.771089836,0.569496046,2
117,-0.768404595,0.743905151,2
118,-0.767336032,0.551404714,2
119,-0.766099741,0.818386668,2
120,-0.761424062,0.601738925,2
121,-0.734764438,0.589079411,2
122,-0.733842197,0.566119426,2
123,-0.733286845,0.743282286,2
124,-0.712485459,0.714285066,2
125,-0.68818744,0.751263217,2
126,-0.682991856,0.738231028,2
127,-0.677589287,0.693644167,2
128,-0.672677125,0.679037126,2
129,-0.664288251,0.724235774,2
130,-0.662723999,0.743226509,2
131,-0.656908798,0.799041771,2
132,-0.654550412,0.757315309,2
133,-0.653594316,0.774051635,2
134,-0.653447902,0.726210859,2
135,-0.640855778,0.783600768,2
136,-0.636857221,0.666960152,2
137,-0.635655336,0.796762049,2
138,-0.627228255,0.92538615,2
139,-0.619529474,0.798405045,2
140,-0.613424049,0.797946868,2
141,-0.612178219,0.680003724,2
142,-0.61115506,0.820444413,2
143,-0.610308586,0.646659887,2
144,-0.610298242,0.770461035,2
145,-0.60219588,0.730879251,2
146,-0.597833354,0.820026744,2
147,-0.593091028,0.998511004,2
148,-0.591500695,0.780093878,2
149,-0.586755598,0.712911842,2
150,-0.58602153,0.822924429,2
151,-0.579457011,0.837017195,2
152,-0.57837086,0.826852849,2
153,-0.570415962,0.957500538,2
154,-0.568146259,0.857647083,2
155,-0.561954741,0.755352683,2
156,-0.559994154,0.864947368,2
157,-0.550413406,0.863190821,2
158,-0.540316262,0.764100034,2
159,-0.538811255,0.894813019,2
160,-0.534814085,0.826461463,2
161,-0.525676009,0.932666524,2
162,-0.52349321,0.901123896,2
163,-0.510010455,0.674168283,2
164,-0.506727523,0.877699174,2
165,-0.506145833,0.919376107,2
166,-0.500695423,0.926977935,2
167,-0.495647834,0.687782661,2
168,-0.484705867,0.905854515,2
169,-0.484223495,0.850244141,2
170,-0.4756918,0.822049345,2
171,-0.474682543,0.990856131,2
172,-0.474091238,0.847054082,2
173,-0.471426255,0.927032428,2
174,-0.46400225,0.866090442,2
175,-0.459969109,0.9124838,2
176,-0.459181873,0.854367688,2
177,-0.45752086,0.917743715,2
178,-0.438101055,0.941387243,2
179,-0.433107466,0.828061101,2
180,-0.432542015,0.90632433,2
181,-0.424711657,0.790473661,2
182,-0.423838394,0.97290212,2
183,-0.421749199,0.827406538,2
184,-0.405969996,0.919940837,2
185,-0.391603583,0.739387493,2
186,-0.388281056,0.913408037,2
187,-0.382602216,0.938433777,2
188,-0.373548562,0.871997304,2
189,-0.361093851,0.880112217,2
190,-0.349187197,0.849006533,2
191,-0.34424622,0.87252964,2
192,-0.335397324,0.983345696,2
193,-0.325542193,0.920906413,2
194,-0.32035264,0.924742097,2
195,-0.306659288,0.966378294,2
196,-0.29946395,1.052512165,2
197,-0.292254181,0.929710204,2
198,-0.292220381,0.80801792,2
199,-0.291783885,0.814451006,2
200,-0.280472165,0.846379266,2
201,-0.273533572,0.95796992,2
202,-0.273485227,1.059350875,2
203,-0.270238333,0.914784696,2
204,-0.266967382,0.960675048,2
205,-0.244185364,1.083820361,2
206,-0.241402682,0.80660888,2
207,-0.238360454,0.883855668,2
208,-0.238323033,0.935891415,2
209,-0.233188106,0.998684042,2
210,-0.230189768,0.968362232,2
211,-0.225114245,0.990045774,2
212,-0.209857171,0.997473702,2
213,-0.207677416,1.00827877,2
214,-0.206561273,0.969870604,2
215,-0.202447722,1.036004676,2
216,-0.200754113,0.964783409,2
217,-0.189060313,0.201772539,2
218,-0.189030104,1.030516203,2
219,-0.188949653,0.912978012,2
220,-0.187780474,0.930218427,2
221,-0.179499224,0.943015049,2
222,-0.170598943,0.922687287,2
223,-0.162834982,0.919898749,2
224,-0.160177194,1.055315469,2
225,-0.13849986,1.026466984,2
226,-0.132535306,0.918102583,2
227,-0.13168431,1.107715628,2
228,-0.122600174,1.127630465,2
229,-0.11848903,0.94988121,2
230,-0.112860274,1.009194194,2
231,-0.109858255,0.940071324,2
232,-0.093629178,0.959552781,2
233,-0.090986171,1.005281185,2
234,-0.087938063,0.510011906,1
235,-0.087241404,0.213796059,1
236,-0.083118518,0.392425682,1
237,-0.078153484,0.465643087,1
238,-0.073711122,0.314321098,1
239,-0.071118659,0.383624199,1
240,-0.067905738,0.413898446,1
241,-0.067210398,0.946116238,2
242,-0.065174557,1.13968675,2
243,-0.064616741,1.001267108,2
244,-0.062082665,0.408595248,1
245,-0.059961593,0.42188947,1
246,-0.059289662,1.064657687,2
247,-0.055309175,0.266412419,1
248,-0.051628688,0.400233606,1
249,-0.048277717,1.130597498,2
250,-0.045141149,1.001950297,2
251,-0.041858814,0.976629833,2
252,-0.039162926,0.455330503,1
253,-0.037176142,1.023558723,2
254,-0.032181666,0.055888159,1
255,-0.03182719,0.371714987,1
256,-0.030119169,0.272314331,1
257,-0.026082576,0.42839085,1
258,-0.024142391,1.040671193,2
259,-0.023055984,0.338230484,1
260,-0.021786681,1.055542789,2
261,-0.020379623,1.13630563,2
262,-0.01789433,1.008952032,2
263,-0.016073151,0.489781558,1
264,-0.012253713,1.09441454,2
265,-0.011409951,1.08682757,2
266,-0.007548469,0.423977911,1
267,-0.007146506,0.99003784,2
268,-0.005635297,0.498087743,1
269,-0.004407552,0.793598857,1
270,-0.003168519,1.062663779,2
271,-0.002978286,0.215460936,1
272,-0.00260312,0.233521936,1
273,0.000992909,1.059881065,2
274,0.001772843,0.001719583,1
275,0.002934213,0.211296453,1
276,0.003106642,0.284009186,1
277,0.004970267,0.432392065,1
278,0.006757254,0.072482196,1
279,0.006912068,0.189909916,1
280,0.007513475,0.047351574,1
281,0.008210596,1.047199872,2
282,0.010687473,0.382028449,1
283,0.013394016,0.368159334,1
284,0.014096412,0.52192853,1
285,0.020463561,1.002275721,1
286,0.020775874,0.939925998,1
287,0.022566939,0.388416903,1
288,0.024159508,0.414970458,1
289,0.028206212,0.25788949,1
290,0.035077702,0.186619747,1
291,0.037069799,0.963166237,1
292,0.037457182,0.298366076,1
293,0.03936455,0.226978861,1
294,0.040765415,-0.05973539,1
295,0.043169426,0.990951114,1
296,0.044319002,1.039452716,1
297,0.045028038,1.06454086,1
298,0.04767919,0.229761363,1
299,0.04773641,0.000620619,1
300,0.047784918,0.095222257,1
301,0.047890828,0.048006028,1
302,0.054299226,0.196875333,1
303,0.054469111,0.304782118,1
304,0.058702885,0.301221559,1
305,0.06176666,0.222599184,1
306,0.062285218,0.552126942,1
307,0.062697569,-0.08019986,1
308,0.062900519,0.962719957,1
309,0.063134285,1.020787547,1
310,0.064302365,0.302353177,1
311,0.064834432,0.049758787,1
312,0.065045769,0.086243581,1
313,0.068794003,0.274590692,1
314,0.068960153,0.18675218,1
315,0.070249297,0.349115551,1
316,0.071456628,0.160438757,1
317,0.071997816,0.625924872,1
318,0.072873074,0.919577337,1
319,0.07536498,0.92713453,1
320,0.07708252,0.039335596,1
321,0.077956101,0.236063382,1
322,0.079520087,0.986691626,1
323,0.082831486,0.293264091,1
324,0.083679006,-0.0791004,1
325,0.085664472,0.477561892,1
326,0.086647056,0.986282005,1
327,0.086877596,0.216250992,1
328,0.087379826,0.165433489,1
329,0.090678323,0.072915584,1
330,0.091976742,0.344476566,1
331,0.092544951,0.177282408,1
332,0.092815979,0.934348689,1
333,0.103132761,1.018706717,1
334,0.103240783,0.013665721,1
335,0.103438964,1.045556844,1
336,0.103504793,-0.031954118,1
337,0.107505131,0.026174797,1
338,0.108212873,0.911390776,1
339,0.109189893,0.617703119,1
340,0.109836081,0.102783364,1
341,0.10985783,0.02213075,1
342,0.110795417,1.168786808,1
343,0.111141005,0.937458562,1
344,0.112074411,0.024544689,1
345,0.11307713,0.150652435,1
346,0.113636352,-0.160365265,1
347,0.115968602,-0.316664128,1
348,0.120112934,0.000433838,1
349,0.123388142,0.111783406,1
350,0.125486353,0.390902619,1
351,0.125914106,-0.067418785,1
352,0.12903582,1.069570494,1
353,0.130295062,-0.016438736,1
354,0.13191759,0.904025937,1
355,0.133767268,0.998656563,1
356,0.138139025,0.940341933,1
357,0.139749236,-0.15622397,1
358,0.141720256,-0.136615601,1
359,0.142474604,0.05705175,1
360,0.147373668,1.119197471,1
361,0.148984825,-0.106273203,1
362,0.150004255,-0.211053883,1
363,0.152207545,0.415074387,1
364,0.159761878,-0.167036789,1
365,0.163129145,1.085475347,1
366,0.16326799,0.030140766,1
367,0.164205888,0.269991886,1
368,0.165179538,0.165720923,1
369,0.167011457,0.979388604,1
370,0.167369782,-0.127275937,1
371,0.171073996,0.206248499,1
372,0.171345138,0.070593462,1
373,0.17337572,0.837250537,1
374,0.174485619,0.932202883,1
375,0.175993695,-0.165006397,1
376,0.176737393,1.032384936,1
377,0.177811226,0.838322581,1
378,0.178230417,0.968870751,1
379,0.179509989,-0.087311563,1
380,0.179732612,-0.001774653,1
381,0.182041469,0.817861766,1
382,0.183974924,0.034598343,1
383,0.184661702,-0.119106485,1
384,0.190131518,0.972097224,1
385,0.193284045,0.003074099,1
386,0.194433602,0.935434006,1
387,0.195932908,0.04504767,1
388,0.196016146,-0.16859494,1
389,0.196251754,0.174641608,1
390,0.202931262,-0.192074212,1
391,0.20408925,-0.287284716,1
392,0.205621003,-0.003050458,1
393,0.212924992,-0.216539121,1
394,0.214965919,0.989807588,1
395,0.217795908,-0.159872067,1
396,0.219573793,0.267206216,1
397,0.221805315,0.958101184,1
398,0.22209714,-0.013825044,1
399,0.223130013,0.90757412,1
400,0.224288977,-0.221072463,1
401,0.224501437,-0.197533174,1
402,0.226816061,0.876860209,1
403,0.229131064,1.007503141,1
404,0.229352161,-0.14756062,1
405,0.230896973,-0.059508587,1
406,0.236457346,0.984588353,1
407,0.236462204,-0.071028254,1
408,0.237048604,0.029708845,1
409,0.23813546,0.989653454,1
410,0.246340186,-0.020293782,1
411,0.246788322,0.975809759,1
412,0.249522599,0.227174147,1
413,0.25508875,1.021484971,1
414,0.257580422,-0.218114174,1
415,0.260272989,0.93953523,1
416,0.269843612,-0.074781338,1
417,0.285823987,-0.128900326,1
418,0.286438982,0.841017852,1
419,0.290043863,0.063464052,1
420,0.297332594,0.890731297,1
421,0.299006571,-0.17088304,1
422,0.303714828,-0.139890628,1
423,0.30851828,-0.132504302,1
424,0.312512987,-0.163925169,1
425,0.319034028,0.869166944,1
426,0.319431024,0.872912239,1
427,0.322156066,-0.182941335,1
428,0.327608258,0.996010013,1
429,0.330167536,1.106016666,1
430,0.331828872,0.94265012,1
431,0.332111015,-0.387597284,1
432,0.334903426,-0.291174103,1
433,0.336230229,-0.31589267,1
434,0.336972265,-0.303695833,1
435,0.338672105,1.151798799,1
436,0.339668404,-0.385810369,1
437,0.341580958,-0.072803671,1
438,0.342919819,-0.352733479,1
439,0.34433545,-0.287694496,1
440,0.348614398,-0.197416617,1
441,0.355988375,0.981024504,1
442,0.357277686,0.983387097,1
443,0.358751327,-0.195212572,1
444,0.359315973,1.012594391,1
445,0.35998081,0.884673635,1
446,0.360618474,-0.267589125,1
447,0.362292438,-0.331087496,1
448,0.368442335,0.856259195,1
449,0.369486799,-0.276846992,1
450,0.371409637,-0.327026412,1
451,0.373683017,-0.32310272,1
452,0.374322853,0.910449756,1
453,0.378949587,-0.264539463,1
454,0.384263731,0.976920426,1
455,0.384349485,-0.371050074,1
456,0.390348205,0.951262989,1
457,0.391430105,-0.284222225,1
458,0.39466707,0.955004828,1
459,0.402153821,0.946938358,1
460,0.403246867,0.890612871,1
461,0.404917748,0.880743752,1
462,0.407408051,0.973900908,1
463,0.408199124,0.925529892,1
464,0.409550805,-0.428908933,1
465,0.413464633,0.989599633,1
466,0.413706382,0.989626248,1
467,0.418652281,1.135078985,1
468,0.418951608,0.961207044,1
469,0.420027046,-0.315788925,1
470,0.421740457,-0.168035258,1
471,0.421826947,-0.35808929,1
472,0.425997049,1.065984333,1
473,0.429840923,0.870672652,1
474,0.430240159,0.89655649,1
475,0.434649234,-0.261484011,1
476,0.434891652,-0.415658107,1
477,0.435924093,0.959942643,1
478,0.436190943,-0.445186486,1
479,0.438475809,0.897989877,1
480,0.44048307,-0.113062965,1
481,0.447496115,-0.346741273,1
482,0.448501469,-0.323350173,1
483,0.449342184,-0.377701155,1
484,0.45218919,0.982880131,1
485,0.457426655,-0.220881555,1
486,0.462740237,-0.48728284,1
487,0.463306544,-0.357729342,1
488,0.466174262,0.88000245,1
489,0.471927607,0.998927669,1
490,0.474279577,0.829884349,1
491,0.474851792,-0.383832001,1
492,0.480032516,0.78472157,1
493,0.488564277,-0.337876433,1
494,0.489879076,-0.264497722,1
495,0.490037442,-0.292122098,1
496,0.491312899,-0.355087771,1
497,0.493951329,0.846228348,1
498,0.497614911,-0.383780742,1
499,0.499281137,0.980901022,1
500,0.499733997,-0.252158554,1
501,0.501382689,-0.268096597,1
502,0.508186891,-0.374409475,1
503,0.510729771,0.91879255,1
504,0.510744839,-0.362745537,1
505,0.511506236,0.804210527,1
506,0.516816152,-0.471587268,1
507,0.518811113,0.962880768,1
508,0.523106361,-0.475221417,1
509,0.523599602,0.802097742,1
510,0.526915021,0.776425827,1
511,0.52770524,0.821061771,1
512,0.536030243,0.711231168,1
513,0.538651789,0.943115404,1
514,0.542778288,0.89698428,1
515,0.542856377,0.756233914,1
516,0.543377317,0.850289807,1
517,0.543963539,-0.383343766,1
518,0.546344665,-0.274383875,1
519,0.548580858,-0.324305101,1
520,0.551516764,-0.395494503,1
521,0.555516739,0.799850051,1
522,0.556140181,-0.456266061,1
523,0.561633818,0.756960594,1
524,0.562576127,-0.33947661,1
525,0.566316115,-0.37677403,1
526,0.567492483,-0.298916833,1
527,0.568971655,-0.382916559,1
528,0.574841371,-0.46203938,1
529,0.575939704,0.790910837,1
530,0.576934302,0.736149982,1
531,0.582300611,0.752540125,1
532,0.587442532,0.797458978,1
533,0.589902879,0.684926342,1
534,0.599171221,-0.369762273,1
535,0.60100148,0.72912063,1
536,0.604290667,0.803155161,1
537,0.606040804,0.952971289,1
538,0.610114069,0.595392043,1
539,0.612363128,0.746898206,1
540,0.612861009,-0.376547032,1
541,0.614301549,-0.455703153,1
542,0.618000159,0.774197837,1
543,0.620727754,0.751382136,1
544,0.621789349,-0.443236946,1
545,0.630276305,0.895828129,1
546,0.631084557,0.746348264,1
547,0.636595243,0.84576296,1
548,0.642324897,-0.382887189,1
549,0.643680367,0.763464331,1
550,0.644788252,-0.396132123,1
551,0.649062667,0.889302263,1
552,0.651835554,0.719900614,1
553,0.65212021,-0.298403964,1
554,0.653705413,0.688002644,1
555,0.655232127,-0.502734456,0
556,0.655594321,0.64475724,1
557,0.655653315,-0.502675549,0
558,0.66154072,-0.479305463,0
559,0.66442721,-0.463708184,0
560,0.667024263,-0.450293509,0
561,0.667829325,-0.453887573,0
562,0.668113107,-0.511015049,0
563,0.669725526,-0.436122775,0
564,0.671328793,-0.476485959,0
565,0.671367969,0.841609537,1
566,0.671657769,0.733943948,1
567,0.681623819,0.641624194,1
568,0.684079127,0.628003406,1
569,0.685233938,0.695951036,1
570,0.685496736,-0.434321601,0
571,0.690487074,0.781578314,1
572,0.693366152,0.824322244,1
573,0.69866779,0.492202134,1
574,0.700091777,-0.438252494,0
575,0.701765494,0.483045874,1
576,0.704721242,-0.322321625,0
577,0.708115737,0.723247211,1
578,0.709213942,0.547811252,1
579,0.709345039,0.714786449,1
580,0.710127955,0.839737744,1
581,0.713000861,-0.447872356,0
582,0.71591499,0.711206354,1
583,0.719905542,0.50716436,1
584,0.721549929,-0.453369346,0
585,0.722251074,-0.453596178,0
586,0.722368049,0.764542954,1
587,0.726516133,0.710589214,1
588,0.732023115,0.791947625,1
589,0.733619914,-0.452328518,0
590,0.733829543,0.589636068,1
591,0.733843934,0.632724084,1
592,0.738248719,0.77239672,1
593,0.73839506,0.70900943,1
594,0.743265071,0.701004585,1
595,0.743965662,-0.493336279,0
596,0.744900754,0.683631876,1
597,0.744981029,0.596287512,1
598,0.756061402,0.681074095,1
599,0.756799832,0.57338195,1
600,0.764783692,0.733432871,1
601,0.764837148,0.487150728,1
602,0.772113171,0.587523038,1
603,0.773968106,0.618805894,1
604,0.778860293,-0.346492209,0
605,0.779794469,-0.501231714,0
606,0.780019318,0.568685018,1
607,0.780992781,-0.483040706,0
608,0.785207481,0.730150446,1
609,0.785424125,0.705471058,1
610,0.785971413,0.846024315,1
611,0.786336041,-0.453580832,0
612,0.787179461,-0.384384423,0
613,0.788206009,0.171401462,1
614,0.789618355,0.306985822,1
615,0.791415438,0.60514211,1
616,0.796100963,-0.641176835,0
617,0.798231861,0.358566029,1
618,0.798697052,-0.607074148,0
619,0.800232319,0.650585763,1
620,0.800617434,-0.570538974,0
621,0.801068493,0.511741583,1
622,0.804827256,0.668053163,1
623,0.805829449,0.505094598,1
624,0.806574077,-0.456534997,0
625,0.808847546,0.695927485,1
626,0.808944369,0.308814885,1
627,0.810674774,-0.453405662,0
628,0.814164216,0.057477821,1
629,0.81588425,0.615924584,1
630,0.819769511,-0.443733221,0
631,0.820307051,-0.409668409,0
632,0.823688362,0.477096355,1
633,0.824703842,0.536007684,1
634,0.8253502,0.458153147,1
635,0.826004097,-0.448151106,0
636,0.829565323,0.461134693,1
637,0.83702365,-0.500043389,0
638,0.838176633,-0.499246998,0
639,0.844401007,0.689411843,1
640,0.844930698,0.249775387,1
641,0.853984149,-0.481910139,0
642,0.858112127,0.338416116,1
643,0.858272827,0.685588886,1
644,0.859177152,0.329427948,1
645,0.859505423,-0.572075535,0
646,0.861069931,0.680011469,1
647,0.861262437,-0.526964234,0
648,0.863420269,-0.581186766,0
649,0.866957184,-0.498732178,0
650,0.868782349,-0.384228083,0
651,0.869470837,-0.37502835,0
652,0.872624958,-0.495798192,0
653,0.874085475,0.253794069,1
654,0.875329701,0.647785741,1
655,0.875760746,0.326428702,1
656,0.875782446,0.238320359,1
657,0.876946496,-0.536593952,0
658,0.877400349,0.446193214,1
659,0.881303282,-0.639186863,0
660,0.882342608,0.508583461,1
661,0.884386176,-0.493990764,0
662,0.887264745,-0.475819194,0
663,0.88753231,0.482167028,1
664,0.888210113,0.373246464,1
665,0.888300734,0.228699754,1
666,0.888755161,-0.560785428,0
667,0.889760398,0.571383395,1
668,0.893913418,0.174622618,1
669,0.894291501,0.475171547,1
670,0.895692168,-0.558199951,0
671,0.897649739,0.327009876,1
672,0.898966697,-0.471293362,0
673,0.901688074,0.293504414,1
674,0.902950089,-0.424099691,0
675,0.914634116,0.105873742,1
676,0.916869699,0.265684723,1
677,0.917413114,0.518218489,1
678,0.919020363,0.393739748,1
679,0.919214726,0.46332569,1
680,0.919955776,0.278124697,1
681,0.920527503,0.221125077,1
682,0.923071517,0.444597732,1
683,0.925272336,0.480963233,1
684,0.926494014,-0.469782157,0
685,0.926737025,-0.548859421,0
686,0.930756582,0.169556583,1
687,0.932615417,0.401833953,1
688,0.932965898,0.002212976,0
689,0.938745933,0.049220716,0
690,0.940413288,-0.51708167,0
691,0.946699859,0.165165968,1
692,0.948718603,0.304063722,1
693,0.951432727,0.212039185,1
694,0.955004178,-0.526442456,0
695,0.955915693,-0.487300921,0
696,0.956769225,0.372432268,1
697,0.958385659,-0.556575797,0
698,0.959660828,0.284406823,1
699,0.959698365,0.077419995,0
700,0.969740358,-0.527362138,0
701,0.970355552,0.559830592,1
702,0.971556062,-0.525364901,0
703,0.971954574,0.403906648,1
704,0.971980465,0.107997299,0
705,0.973953341,-0.01244532,0
706,0.974478822,-0.502362094,0
707,0.974774666,0.033931309,0
708,0.976443886,-0.000482391,0
709,0.976492956,-0.443351948,0
710,0.978338499,-0.123914394,0
711,0.980455247,0.547566602,1
712,0.982441467,-0.575706453,0
713,0.984758539,0.349400148,1
714,0.985413414,0.161027972,0
715,0.986408749,0.341390124,1
716,0.986891768,0.315426773,1
717,0.98757832,-0.223371488,0
718,0.988942997,0.478830859,1
719,0.989460674,0.084212146,0
720,0.990637962,0.384434103,1
721,0.990804651,0.253909538,1
722,0.990891715,-0.632199121,0
723,0.992060937,-0.607686997,0
724,0.994514512,-0.53593482,0
725,1.001874719,0.246144149,1
726,1.003620764,0.403819652,1
727,1.005192589,-0.464746711,0
728,1.005972571,0.315075967,1
729,1.008710919,0.092864021,0
730,1.010577171,0.179249985,0
731,1.010734439,-0.591988712,0
732,1.010748483,0.367536924,1
733,1.0119001,0.168469681,0
734,1.012848313,0.004718054,0
735,1.014569053,0.102506402,0
736,1.018088305,0.241335903,0
737,1.018506049,0.293156143,1
738,1.020222985,0.584621732,1
739,1.021806445,0.103740205,0
740,1.021812121,0.080894988,0
741,1.021923839,0.331204921,1
742,1.022826888,-0.505896046,0
743,1.028126942,0.169685675,0
744,1.039294812,0.034327526,0
745,1.044970853,-0.384813719,0
746,1.060274742,0.14419422,0
747,1.061258451,0.437506155,1
748,1.06256881,-0.452544349,0
749,1.063250387,-0.548970501,0
750,1.06452533,-0.481547864,0
751,1.066497185,-0.390549294,0
752,1.067663523,0.469842233,1
753,1.068373335,0.199949338,0
754,1.068655881,0.271541898,0
755,1.06923052,-0.497553648,0
756,1.071587375,0.217281393,0
757,1.071747021,-0.431648918,0
758,1.072128676,0.048114579,0
759,1.072354672,0.245819437,0
760,1.07532738,0.099223952,0
761,1.083677478,-0.487199706,0
762,1.09744815,-0.539047042,0
763,1.100874762,-0.476133617,0
764,1.102625987,0.324031451,0
765,1.103904999,-0.507874997,0
766,1.104457177,-0.505195624,0
767,1.108413181,-0.499815047,0
768,1.117815879,-0.458421864,0
769,1.131290709,-0.558198062,0
770,1.139739875,-0.600641984,0
771,1.141395583,-0.604354116,0
772,1.144337564,-0.394414107,0
773,1.144420645,-0.522467666,0
774,1.144876812,-0.514895328,0
775,1.162161624,-0.513932431,0
776,1.163784607,-0.576459747,0
777,1.173406638,-0.316978316,0
778,1.174744704,-0.43296918,0
779,1.177622715,-0.500082496,0
780,1.184545117,-0.464202984,0
781,1.188295112,-0.439310869,0
782,1.190566742,-0.42086095,0
783,1.193156916,-0.605228979,0
784,1.197108215,-0.413300855,0
785,1.204029734,-0.434119748,0
786,1.204741893,-0.604024334,0
787,1.207793849,-0.320929202,0
788,1.209967435,-0.443292595,0
789,1.212335349,-0.68291844,0
790,1.216386102,-0.380634744,0
791,1.216907715,-0.355069847,0
792,1.217211499,-0.369685827,0
793,1.248713573,-0.53965938,0
794,1.260569473,-0.56776941,0
795,1.265876018,-0.489618094,0
796,1.270197917,-0.455133121,0
797,1.289827102,-0.47312746,0
798,1.290840556,-0.452000332,0
799,1.293186588,-0.524686211,0
800,1.307539607,-0.331730245,0
801,1.308142977,-0.48724177,0
802,1.309333324,-0.576926653,0
803,1.310479905,-0.489978827,0
804,1.314502961,-0.529467763,0
805,1.316277021,-0.489166763,0
806,1.334054391,-0.393252628,0
807,1.351743966,-0.303357333,0
808,1.351812058,-0.462689303,0
809,1.358688682,-0.390222213,0
810,1.387186241,-0.432812645,0
811,1.387297387,-0.439337407,0
812,1.38957894,-0.485979859,0
813,1.39464033,-0.364729755,0
814,1.399147767,-0.360694204,0
815,1.401051486,-0.392575299,0
816,1.408197912,-0.519781523,0
817,1.412714476,-0.344513253,0
818,1.414460526,-0.430595321,0
819,1.422447556,-0.355785861,0
820,1.426004812,-0.423118409,0
821,1.434146984,-0.443714682,0
822,1.445974833,-0.402843005,0
823,1.45173025,-0.396590919,0
824,1.452778113,-0.403817104,0
825,1.458142981,-0.274932173,0
826,1.459610343,-0.494420607,0
827,1.461061522,-0.398179633,0
828,1.463876615,-0.457382251,0
829,1.470214313,-0.315676428,0
830,1.478209247,-0.350469641,0
831,1.480194515,-0.250254682,0
832,1.480608694,-0.235903492,0
833,1.488922351,-0.294732741,0
834,1.494134478,-0.423006048,0
835,1.499647329,-0.454765436,0
836,1.499650107,-0.334708493,0
837,1.510192812,-0.326256051,0
838,1.515718844,-0.456594063,0
839,1.52124054,-0.283605966,0
840,1.541348302,-0.228366069,0
841,1.54384341,-0.275349407,0
842,1.549804546,-0.141738853,0
843,1.553679201,-0.344434751,0
844,1.554754962,-0.280178202,0
845,1.557874799,-0.334381231,0
846,1.563153617,-0.484731149,0
847,1.564794,-0.295848415,0
848,1.570670386,-0.373403222,0
849,1.572737978,-0.162802338,0
850,1.57291122,-0.313947758,0
851,1.574076936,-0.208918246,0
852,1.578933762,-0.365522605,0
853,1.590344858,-0.311258204,0
854,1.597778111,-0.165955573,0
855,1.60575804,-0.430659207,0
856,1.612245145,-0.198134184,0
857,1.622284464,-0.170803905,0
858,1.624375621,-0.312365774,0
859,1.626706834,-0.170625945,0
860,1.631170341,-0.380279488,0
861,1.631623871,-0.398666177,0
862,1.631963803,-0.205160035,0
863,1.636566267,-0.425333094,0
864,1.656025454,-0.321691554,0
865,1.662063269,-0.20430446,0
866,1.665239447,-0.022248771,0
867,1.666948965,-0.257425597,0
868,1.66771398,-0.256537088,0
869,1.667907462,-0.179697097,0
870,1.671236206,-0.332259289,0
871,1.671516745,-0.010574507,0
872,1.674470238,-0.113508823,0
873,1.676290418,-0.079782746,0
874,1.679282166,-0.295654778,0
875,1.682120606,-0.362289455,0
876,1.697094578,-0.28693179,0
877,1.697620611,-0.172729774,0
878,1.703247788,-0.122952906,0
879,1.729386079,-0.252075572,0
880,1.73050504,-0.157237805,0
881,1.731411719,-0.324821182,0
882,1.733841899,0.052261356,0
883,1.735911942,-0.283648973,0
884,1.757966659,-0.278343139,0
885,1.76024573,-0.219660716,0
886,1.763921484,0.078971436,0
887,1.767672703,-0.206795043,0
888,1.768812064,-0.013044788,0
889,1.774923559,-0.081304791,0
890,1.782652456,-0.158795657,0
891,1.782933138,-0.270262431,0
892,1.783054973,-0.117581904,0
893,1.784884446,-0.013099341,0
894,1.788250136,0.083671292,0
895,1.79388951,-0.147198193,0
896,1.795867044,-0.211926938,0
897,1.798049129,-0.180641364,0
898,1.798217266,-0.302050414,0
899,1.803841739,-0.130635383,0
900,1.810459952,-0.196185244,0
901,1.811456313,-0.048386524,0
902,1.822768538,0.221242165,0
903,1.822778641,0.110559803,0
904,1.826041867,0.052734763,0
905,1.826794203,0.191818581,0
906,1.826798716,-0.06852065,0
907,1.82696732,-0.142806498,0
908,1.827320054,-0.05940745,0
909,1.82980527,-0.284860539,0
910,1.832418522,-0.095113272,0
911,1.842543997,-0.073545259,0
912,1.851472435,0.081445753,0
913,1.85570222,0.085094726,0
914,1.862458955,-0.100870378,0
915,1.86452572,-0.192501277,0
916,1.866546119,0.354001762,0
917,1.870823663,0.298808142,0
918,1.875942203,0.0349159,0
919,1.876538319,0.226673117,0
920,1.882382139,0.356925409,0
921,1.884676769,0.299382176,0
922,1.886711088,0.556533331,0
923,1.896517926,0.260401838,0
924,1.899434361,0.034741235,0
925,1.899842638,0.058799612,0
926,1.900179203,0.016354813,0
927,1.900263683,0.33675417,0
928,1.900789767,0.201395478,0
929,1.903191788,0.018642334,0
930,1.903901773,-0.137243983,0
931,1.906005175,0.354765795,0
932,1.907481255,0.145101889,0
933,1.912800431,0.238551313,0
934,1.914302933,0.195094079,0
935,1.921859971,0.182147451,0
936,1.922640997,0.17861053,0
937,1.928505692,0.060593907,0
938,1.930952685,0.446709961,0
939,1.931282775,0.403886611,0
940,1.932835774,0.28624983,0
941,1.933139271,-0.080059522,0
942,1.93819582,0.370603367,0
943,1.93952195,0.024131483,0
944,1.94123269,0.089806544,0
945,1.941922288,0.069182106,0
946,1.944088776,-0.000720038,0
947,1.944160468,0.05283822,0
948,1.946751372,0.007013393,0
949,1.947105482,-0.046452974,0
950,1.949181753,0.336284754,0
951,1.951050161,0.009302571,0
952,1.951300696,0.428658156,0
953,1.951451011,0.079523749,0
954,1.952843848,0.274755898,0
955,1.953757694,0.601522149,0
956,1.954392855,-0.111520735,0
957,1.956996969,-0.118790431,0
958,1.958570279,0.078544411,0
959,1.960674732,0.527283145,0
960,1.960711604,0.048428213,0
961,1.961696143,0.266714986,0
962,1.963214633,0.168103768,0
963,1.966429785,0.374971505,0
964,1.967207718,0.350802631,0
965,1.970611706,0.046740364,0
966,1.972368134,0.328531833,0
967,1.974125696,0.30110797,0
968,1.974367172,0.535268213,0
969,1.981175669,0.432721383,0
970,1.98117963,0.2087045,0
971,1.988831739,0.298502067,0
972,1.991555235,0.507173037,0
973,1.992153028,0.306658511,0
974,1.994172561,0.297605022,0
975,1.99810081,0.014228042,0
976,2.005377616,0.500188439,0
977,2.007864057,0.039026198,0
978,2.010212347,0.294132212,0
979,2.015706087,0.503206226,0
980,2.018396654,0.043746713,0
981,2.019416801,0.343615057,0
982,2.020880042,0.295748658,0
983,2.021900351,0.14931228,0
984,2.025108029,0.169190034,0
985,2.030187651,0.127827154,0
986,2.032305069,0.352315833,0
987,2.032345997,0.268705452,0
988,2.0390021,0.396719594,0
989,2.043242091,0.155294724,0
990,2.047833445,0.364111661,0
991,2.060107532,0.207573748,0
992,2.089573735,0.311727374,0
993,2.095564229,0.093943599,0
994,2.103340974,0.152674828,0
995,2.109910091,0.225373882,0
996,2.113053923,0.462296616,0
997,2.1149163,0.441844955,0
998,2.131472035,0.407804361,0
999,2.142429713,0.242596762,0
