,0,1,cluster
0,-1.216708388,0.359463576,1
1,-1.159227867,-0.007681322,1
2,-1.15606684,0.062082876,1
3,-1.143912316,0.240586131,1
4,-1.126159533,0.008953551,1
5,-1.116624092,0.132131378,1
6,-1.111832831,0.128155778,1
7,-1.100341418,0.6698478,1
8,-1.095360478,0.200978991,1
9,-1.094110269,0.179210827,1
10,-1.088141508,0.287319503,1
11,-1.087966961,0.071120804,1
12,-1.072067087,0.111594296,1
13,-1.071020316,-0.046884128,1
14,-1.065362618,0.324047355,1
15,-1.055373468,0.0290727,1
16,-1.051843052,0.23876409,1
17,-1.048217196,0.368319353,1
18,-1.035218747,0.614681576,1
19,-1.03471814,0.109082326,1
20,-1.033918146,0.487823451,1
21,-1.032992471,0.329963645,1
22,-1.02953569,-0.0283129,1
23,-1.02721823,0.62534835,1
24,-1.023455146,0.093879953,1
25,-1.021193775,0.533154604,1
26,-1.019767288,-0.118218295,1
27,-1.018373517,0.025898271,1
28,-1.01115464,0.545344627,1
29,-1.009239064,0.174426896,1
30,-1.009164828,0.40133609,1
31,-1.008976644,0.290841711,1
32,-1.001496393,0.437108711,1
33,-1.000377688,0.301705937,1
34,-0.993974116,-0.027778405,1
35,-0.97621952,0.155456767,1
36,-0.975845434,0.406829279,1
37,-0.975745718,0.511949167,1
38,-0.968277741,0.540413642,1
39,-0.967115716,0.439597676,1
40,-0.958032871,0.336244969,1
41,-0.957903552,0.801301832,1
42,-0.953916229,0.384618859,1
43,-0.951583068,0.511633438,1
44,-0.948642882,0.138935914,1
45,-0.948336281,0.191586723,1
46,-0.946088295,0.337810133,1
47,-0.945037287,0.797267319,1
48,-0.944681274,0.349468358,1
49,-0.943906677,0.461285355,1
50,-0.943188815,0.154211997,1
51,-0.942656157,0.346944406,1
52,-0.942563404,0.353852531,1
53,-0.939697679,0.555956383,1
54,-0.939283795,0.304722452,1
55,-0.936909717,0.434384503,1
56,-0.935724419,0.413886761,1
57,-0.919493697,0.590565959,1
58,-0.919228761,0.39787086,1
59,-0.91252238,0.18553677,1
60,-0.910267871,0.372615567,1
61,-0.899984186,0.404445444,1
62,-0.899939136,0.260583293,1
63,-0.899564746,0.077501873,1
64,-0.895923178,0.479763517,1
65,-0.89537886,0.471302551,1
66,-0.890671172,0.150093261,1
67,-0.889456501,0.593012624,1
68,-0.884844005,0.774525742,1
69,-0.88108806,0.368655434,1
70,-0.876345219,0.594348711,1
71,-0.875064018,0.200046401,1
72,-0.873717303,-0.088453855,1
73,-0.871842694,0.590978138,1
74,-0.870559873,0.510501076,1
75,-0.864393755,0.576147429,1
76,-0.86435665,0.316321402,1
77,-0.863443064,0.216565135,1
78,-0.852724119,-0.078038957,1
79,-0.852351639,0.260018279,1
80,-0.852237828,0.13284817,1
81,-0.851586455,0.208204062,1
82,-0.847228143,0.563793312,1
83,-0.843763259,0.541633277,1
84,-0.843001106,0.256636237,1
85,-0.842835078,0.15223069,1
86,-0.839152049,0.660119495,1
87,-0.838942408,0.545413907,1
88,-0.831202479,0.670595391,1
89,-0.829497169,0.429514643,1
90,-0.827328182,0.498278063,1
91,-0.826586494,0.721439143,1
92,-0.826012274,0.670221881,1
93,-0.825159654,0.476014027,1
94,-0.819173802,0.818331562,1
95,-0.818627343,0.300596612,1
96,-0.812961456,0.243687822,1
97,-0.810060925,0.323728331,1
98,-0.809266258,0.381833542,1
99,-0.808276799,0.092447635,1
100,-0.805574525,0.573652774,1
101,-0.804021372,0.739757268,1
102,-0.80213147,0.190906228,1
103,-0.800558285,0.852439197,1
104,-0.798584601,0.314692403,1
105,-0.798290983,0.42835513,1
106,-0.796804671,0.65686817,1
107,-0.791667095,0.579864254,1
108,-0.786624431,0.558276818,1
109,-0.785920963,0.802404094,1
110,-0.781829013,0.463353443,1
111,-0.780445831,0.610847612,1
112,-0.779898297,0.509092863,1
113,-0.775975046,0.56301661,1
114,-0.77406588,0.778832909,1
115,-0.770925679,0.511233109,1
116,-0.769409892,0.485835524,1
117,-0.766150818,0.663211838,1
118,-0.751544927,0.568321614,1
119,-0.748397527,0.599262375,1
120,-0.738477974,0.763133878,1
121,-0.733810946,0.279946441,1
122,-0.719173779,0.537597601,1
123,-0.71110505,0.720732925,1
124,-0.702134513,0.593682094,1
125,-0.69705767,0.753392045,1
126,-0.694287613,0.940286031,1
127,-0.687891512,0.667757068,1
128,-0.686596125,0.793580814,1
129,-0.67692243,0.747148845,1
130,-0.671654944,0.699099043,1
131,-0.667929132,0.659064525,1
132,-0.663288852,0.740472685,1
133,-0.66172932,0.717233374,1
134,-0.657548192,0.755264429,1
135,-0.644347686,0.738247657,1
136,-0.636889406,0.805665644,1
137,-0.632189329,0.800829577,1
138,-0.630198536,0.795643909,1
139,-0.628826932,0.745303149,1
140,-0.622635978,0.810306272,1
141,-0.618122965,1.058844231,1
142,-0.610540122,0.649129942,1
143,-0.610454262,0.832560173,1
144,-0.601872404,0.817082985,1
145,-0.601792266,0.815883016,1
146,-0.60050138,0.828766845,1
147,-0.594791314,0.83544624,1
148,-0.592676766,0.8869535,1
149,-0.588104637,0.715025654,1
150,-0.584298897,0.610318595,1
151,-0.583148145,0.827264363,1
152,-0.563363994,0.94487955,1
153,-0.55624277,0.880079122,1
154,-0.551438501,1.02598538,1
155,-0.550719191,0.908441415,1
156,-0.548877714,0.887319517,1
157,-0.545664587,0.700928669,1
158,-0.545564821,0.738375981,1
159,-0.543996515,0.709952968,1
160,-0.542853934,0.923084162,1
161,-0.539549687,0.881931449,1
162,-0.531609415,0.738907818,1
163,-0.508276497,0.9062655,1
164,-0.503066587,0.830579696,1
165,-0.499624606,0.844089723,1
166,-0.499524312,0.952199743,1
167,-0.493270939,0.825136702,1
168,-0.488760185,0.895147471,1
169,-0.486615234,0.793332514,1
170,-0.482959361,1.030795973,1
171,-0.481568858,0.849532849,1
172,-0.480497123,0.912400684,1
173,-0.479366047,0.978654253,1
174,-0.466999388,0.633482686,1
175,-0.465096706,0.948540418,1
176,-0.462938093,0.632450676,1
177,-0.443438268,0.936767699,1
178,-0.442684682,0.736632243,1
179,-0.434754882,0.857894871,1
180,-0.420640008,0.967419468,1
181,-0.41506354,0.917127538,1
182,-0.391254702,0.929260757,1
183,-0.390732956,0.940978843,1
184,-0.387082442,0.669046021,1
185,-0.384673065,0.815358491,1
186,-0.383600206,0.827047182,1
187,-0.380403235,0.847064648,1
188,-0.35833791,0.84111889,1
189,-0.357533048,0.924678727,1
190,-0.353366908,0.812256838,1
191,-0.348981924,0.864064365,1
192,-0.33914663,0.907768552,1
193,-0.324649932,1.084864338,1
194,-0.322306432,1.004773381,1
195,-0.310636527,0.919145393,1
196,-0.306589148,0.753430813,1
197,-0.301525473,0.920199882,1
198,-0.283571343,0.840552054,1
199,-0.283403363,1.095657961,1
200,-0.283113926,0.75158663,1
201,-0.271769538,0.157434081,1
202,-0.270463847,0.985827761,1
203,-0.259517034,0.898752756,1
204,-0.25892997,1.00389982,1
205,-0.257339868,0.962260247,1
206,-0.255069707,0.990603385,1
207,-0.254569557,0.962318565,1
208,-0.235098714,1.131859035,1
209,-0.224471473,0.925436912,1
210,-0.207208543,0.751227201,1
211,-0.204382938,0.966911596,1
212,-0.204379458,0.832014482,1
213,-0.204091735,1.006652434,1
214,-0.201051567,0.974515388,1
215,-0.19370869,1.02353964,1
216,-0.188899988,0.961457368,1
217,-0.187109727,0.88573301,1
218,-0.186244047,0.925546691,1
219,-0.180330111,0.890705206,1
220,-0.171830369,1.066289072,1
221,-0.160305543,1.056570028,1
222,-0.151581224,0.901395496,1
223,-0.145404742,0.88736321,1
224,-0.144941751,0.2324423,2
225,-0.144364079,1.085499636,1
226,-0.141713572,1.153081564,1
227,-0.131080849,0.943373894,1
228,-0.129764846,0.925109584,1
229,-0.124933563,0.431740998,2
230,-0.124446917,0.546652913,1
231,-0.121417499,1.043675696,1
232,-0.115762307,0.339525492,2
233,-0.11403593,1.182852204,1
234,-0.110369875,0.479524332,2
235,-0.10241308,0.384712743,2
236,-0.102264431,1.008182967,1
237,-0.095857342,0.404574032,2
238,-0.091227771,0.921024518,1
239,-0.087517762,0.05759671,2
240,-0.086947313,0.377059763,2
241,-0.086225914,0.43328972,2
242,-0.083539599,0.938401332,1
243,-0.083051858,1.019956972,1
244,-0.078979401,0.208117865,2
245,-0.076819466,0.420417284,2
246,-0.068599676,1.125035545,1
247,-0.059449932,0.418432824,2
248,-0.058608135,1.196895079,1
249,-0.058446845,0.01461189,2
250,-0.055025472,0.450027008,2
251,-0.053575923,0.967313348,1
252,-0.052820111,1.003549166,1
253,-0.051313126,0.713593876,2
254,-0.051179983,0.392883288,2
255,-0.050224816,0.261124055,2
256,-0.047865048,1.092067318,1
257,-0.047659475,1.013172225,1
258,-0.045577426,1.078044116,1
259,-0.041468814,0.928039681,1
260,-0.041440269,0.462320976,2
261,-0.039964794,1.183791494,1
262,-0.036312604,1.056947565,1
263,-0.029549646,0.241859038,2
264,-0.029439185,1.033621592,1
265,-0.028790251,0.254674191,2
266,-0.024443375,0.062637648,2
267,-0.023726135,1.084622799,1
268,-0.023007629,0.505791909,2
269,-0.019526893,0.238527152,2
270,-0.015749557,0.008856954,2
271,-0.013157147,0.953758354,1
272,-0.012096189,-0.058796195,2
273,-0.010638915,0.401108451,2
274,-0.008602893,1.066585039,1
275,-0.008081493,1.006545846,1
276,-0.007897312,0.499836098,2
277,-0.003214494,0.275032647,2
278,-0.002079125,1.132464566,1
279,4.69295e-05,0.9861793,1
280,0.00159925,1.191964322,1
281,0.003142944,0.460465008,2
282,0.005507343,0.123478195,2
283,0.006042956,1.037670204,1
284,0.013151321,1.088116116,1
285,0.013826023,0.36497055,2
286,0.01652192,0.916093773,2
287,0.018751623,0.315423068,2
288,0.019450765,0.545776014,2
289,0.022793872,0.989106773,2
290,0.023233584,-0.017534934,2
291,0.024978168,0.267806082,2
292,0.027604449,0.294248326,2
293,0.028439595,0.393916958,2
294,0.030300519,0.182481753,2
295,0.031803718,0.421103327,2
296,0.032078512,0.343707114,2
297,0.036116255,0.021442036,2
298,0.03880948,0.080560981,2
299,0.039273763,-0.073597831,2
300,0.043794744,0.987110439,2
301,0.044860729,0.055722732,2
302,0.045477075,0.205027702,2
303,0.046970314,-0.362269791,2
304,0.047346173,1.038138765,2
305,0.049460705,0.249734625,2
306,0.051818985,-0.146529571,2
307,0.054383439,0.89025523,2
308,0.055499877,1.090428264,2
309,0.056140712,0.084200644,2
310,0.060436716,0.948762937,2
311,0.062409411,0.331031568,2
312,0.062819512,0.177533756,2
313,0.063701565,0.98496436,2
314,0.06455986,1.055241699,2
315,0.067368585,0.913012829,2
316,0.071284393,0.220819631,2
317,0.07251794,0.048104859,2
318,0.07379154,1.005741485,2
319,0.076391587,0.160109428,2
320,0.078257422,0.303243601,2
321,0.078707092,0.274335926,2
322,0.08428115,0.290827825,2
323,0.084724313,1.068318883,2
324,0.086317214,0.061270144,2
325,0.087072982,0.583029757,2
326,0.088338135,-0.021323367,2
327,0.091329253,-0.201761125,2
328,0.093309818,0.181190567,2
329,0.094211692,-0.049835715,2
330,0.095042391,0.058631284,2
331,0.09579354,0.333904325,2
332,0.097791234,0.225088334,2
333,0.098580686,0.033735653,2
334,0.100157563,0.698902235,2
335,0.100166206,-0.074963642,2
336,0.101685895,0.801741019,2
337,0.104313455,0.219165855,2
338,0.105056474,0.186052541,2
339,0.105774829,0.300278032,2
340,0.107124662,-0.12766419,2
341,0.109911122,-0.07372795,2
342,0.112454919,0.00422394,2
343,0.112457376,0.008086342,2
344,0.112952946,0.914721671,2
345,0.114470363,-0.14609902,2
346,0.114604639,0.533641515,2
347,0.116764283,0.111931,2
348,0.11678436,1.135548012,2
349,0.118075275,0.898185717,2
350,0.119674688,0.367070036,2
351,0.120726597,-0.185637366,2
352,0.123711057,-0.169326758,2
353,0.124982862,1.237437971,2
354,0.127997978,0.140328712,2
355,0.128338865,0.162825047,2
356,0.130632751,-0.256313443,2
357,0.132935758,-0.030312761,2
358,0.137140882,1.001273307,2
359,0.137195615,0.094203169,2
360,0.150046629,0.968985786,2
361,0.150249696,-0.302154175,2
362,0.152479023,0.682371613,2
363,0.15324995,0.918498299,2
364,0.156396252,0.978707839,2
365,0.157923164,0.781243502,2
366,0.16047038,0.900572885,2
367,0.160853395,-0.14715723,2
368,0.162541898,0.107260065,2
369,0.163586401,0.060754811,2
370,0.16673168,-0.111779483,2
371,0.171595749,0.876452304,2
372,0.17390568,0.384906991,2
373,0.174632587,0.865762637,2
374,0.177399624,0.964145443,2
375,0.179109013,-0.198770774,2
376,0.184848834,0.751180738,2
377,0.187378929,-0.186917804,2
378,0.188189524,1.097469751,2
379,0.192316234,1.04915434,2
380,0.193024957,-0.114309252,2
381,0.197195024,-0.001035234,2
382,0.19821641,-0.151839543,2
383,0.199645293,0.073677154,2
384,0.200379161,-0.230235281,2
385,0.201141202,0.478143835,2
386,0.201296719,1.166908041,2
387,0.208796517,0.996491218,2
388,0.209276583,0.162764504,2
389,0.209479909,-0.252078226,2
390,0.210683904,0.07951524,2
391,0.219127648,0.270144411,2
392,0.219952472,-0.015037792,2
393,0.221580736,0.243772293,2
394,0.22291231,0.202755604,2
395,0.226692619,0.905470862,2
396,0.228817385,-0.229402598,2
397,0.23089425,-0.153556803,2
398,0.231075186,1.020693649,2
399,0.231495945,0.982724947,2
400,0.232528484,-0.025384545,2
401,0.232593943,-0.212057705,2
402,0.233547881,0.962269743,2
403,0.235910142,1.048887223,2
404,0.237066565,0.911154165,2
405,0.237658493,0.835662271,2
406,0.239595928,-0.01377536,2
407,0.243782988,0.988056989,2
408,0.248643245,-0.056267436,2
409,0.251333789,-0.009285209,2
410,0.255474843,0.076706484,2
411,0.260623769,-0.02185116,2
412,0.260907339,0.992136753,2
413,0.263994036,0.012760522,2
414,0.272882358,-0.400925225,2
415,0.275799106,-0.090599204,2
416,0.289429658,0.922434421,2
417,0.294253778,0.791935522,2
418,0.301229044,0.244097926,2
419,0.302662082,-0.107723269,2
420,0.304819876,-0.270533934,2
421,0.308470451,-0.163590733,2
422,0.311708265,0.845724827,2
423,0.314357342,0.86022322,2
424,0.316582575,-0.13556643,2
425,0.317279265,-0.323124701,2
426,0.321259564,-0.374709094,2
427,0.324346693,0.945090214,2
428,0.32817096,0.24642125,2
429,0.330233173,0.834148901,2
430,0.33030205,-0.119101276,2
431,0.331232276,-0.158787104,2
432,0.335269543,-0.309267286,2
433,0.338627752,1.168000725,2
434,0.339142102,-0.178656547,2
435,0.343809996,-0.443437808,2
436,0.344115385,-0.172594176,2
437,0.345507552,0.836832051,2
438,0.345580013,-0.333586715,2
439,0.34907207,0.094625486,2
440,0.351782309,-0.357635467,2
441,0.354185305,-0.325808108,2
442,0.355278614,1.003913491,2
443,0.355324315,1.230572501,2
444,0.355942408,-0.263239855,2
445,0.356647018,-0.384458888,2
446,0.360477611,1.04390057,2
447,0.362655543,0.976513605,2
448,0.364051963,1.005761325,2
449,0.365435566,0.887471886,2
450,0.372251114,-0.279380491,2
451,0.372307943,-0.416844715,2
452,0.373180612,0.979470189,2
453,0.376578723,0.946436866,2
454,0.381558108,-0.041191649,2
455,0.388169043,0.9659516,2
456,0.388775071,1.007058661,2
457,0.389202951,0.988623237,2
458,0.393296782,0.896604428,2
459,0.39923966,-0.371462384,2
460,0.399636532,0.852390434,2
461,0.400064171,0.805308059,2
462,0.402085643,1.026820333,2
463,0.403694399,1.141855394,2
464,0.403925364,-0.369019517,2
465,0.405686457,0.87975617,2
466,0.408485227,-0.476865708,2
467,0.410816195,1.022445716,2
468,0.411974615,0.988050138,2
469,0.413530775,1.228256995,2
470,0.41459209,0.910357547,2
471,0.418135271,-0.302905868,2
472,0.429598634,-0.114622567,2
473,0.429982785,0.977597123,2
474,0.432229974,-0.307720946,2
475,0.43518171,-0.327589122,2
476,0.435500671,-0.49242885,2
477,0.435720548,-0.385263002,2
478,0.438331614,-0.530469452,2
479,0.438876593,0.890102451,2
480,0.440614718,0.852845243,2
481,0.442943062,-0.34905995,2
482,0.444543497,0.979877312,2
483,0.450894473,-0.368223943,2
484,0.453921555,0.821440296,2
485,0.460581088,0.720078112,2
486,0.460833635,-0.361749904,2
487,0.465044785,-0.330567088,2
488,0.468011114,-0.356080526,2
489,0.469704363,-0.048486927,2
490,0.471143229,-0.264377063,2
491,0.471670002,-0.341868299,2
492,0.483992597,0.959773869,2
493,0.485450857,-0.403733428,2
494,0.48713588,0.797913893,2
495,0.491828232,-0.265960275,2
496,0.493217779,1.030250768,2
497,0.495207697,1.00053864,2
498,0.499219701,-0.204257172,2
499,0.500645905,-0.50156576,2
500,0.503060285,0.861025369,2
501,0.503250288,0.831803197,2
502,0.511702192,-0.507773414,2
503,0.514316816,-0.361015471,2
504,0.516037089,0.81724812,2
505,0.517033616,-0.38086386,2
506,0.517066179,-0.347949341,2
507,0.519556426,0.871287955,2
508,0.524884827,0.735120682,2
509,0.525553855,0.756400065,2
510,0.526535176,-0.223608936,2
511,0.526813411,0.930700326,2
512,0.528384717,-0.466432526,2
513,0.532321206,1.019659414,2
514,0.542544161,0.771210314,2
515,0.542731768,-0.263699608,2
516,0.544346486,-0.474730098,2
517,0.544804043,0.674282608,2
518,0.551050876,-0.262378912,2
519,0.551620597,0.732903633,2
520,0.556449004,-0.38737629,2
521,0.557021568,0.972288063,2
522,0.562135904,0.734394288,2
523,0.563392716,0.782058901,2
524,0.566105743,0.74059985,2
525,0.568499097,-0.239840614,2
526,0.569545426,0.552488872,2
527,0.572101961,0.978963979,2
528,0.574438761,-0.371081032,2
529,0.580308047,-0.324744583,2
530,0.581482234,0.776442942,2
531,0.58400002,-0.347527387,2
532,0.58484189,-0.383166692,2
533,0.588423392,-0.346689121,2
534,0.589554699,0.794015719,2
535,0.591259522,0.694232141,2
536,0.591580413,-0.270410065,2
537,0.596986052,-0.326046298,2
538,0.598863089,0.809901852,2
539,0.610196471,0.746957987,2
540,0.610215071,0.777371395,2
541,0.617306099,-0.444010241,2
542,0.619233267,-0.517027643,0
543,0.628812985,0.683937535,2
544,0.630333886,-0.476053594,0
545,0.631019391,0.773844817,2
546,0.632382674,-0.358845851,2
547,0.634989337,0.619817424,2
548,0.636650032,0.712026115,2
549,0.638355558,0.728825565,2
550,0.63853938,-0.457537954,0
551,0.638750933,0.716273409,2
552,0.640156796,0.872683223,2
553,0.640530189,0.992448832,2
554,0.648733426,0.753702684,2
555,0.649296342,0.639451486,2
556,0.651623441,-0.427163169,0
557,0.653409809,-0.527393461,0
558,0.654534452,-0.492188326,0
559,0.658676942,-0.485134525,0
560,0.658864894,0.441150122,2
561,0.660538747,0.445910869,2
562,0.661562709,-0.387483122,0
563,0.67245626,0.761539036,2
564,0.672856543,0.491472365,2
565,0.676846659,0.76540225,2
566,0.677923101,-0.541689491,0
567,0.67877026,0.909862569,2
568,0.681514598,0.515859208,2
569,0.681780155,0.915610129,2
570,0.685745606,-0.46038003,0
571,0.691306031,0.58082831,2
572,0.692044921,0.761748708,2
573,0.694802767,0.674287023,2
574,0.699028725,-0.263673025,2
575,0.699909159,-0.433430287,0
576,0.700825661,0.594461414,2
577,0.702772429,0.856130198,2
578,0.702780512,-0.488337873,0
579,0.709645856,-0.44728382,0
580,0.709662679,0.169952823,2
581,0.715743017,0.845845845,2
582,0.717985656,-0.438059949,0
583,0.721435919,-0.49872877,0
584,0.724787933,0.844201929,2
585,0.727281405,0.579984483,2
586,0.72751991,0.773582846,2
587,0.728956417,-0.448996069,0
588,0.730017116,0.585687405,2
589,0.730374215,0.471941167,2
590,0.730408317,0.731879712,2
591,0.734655759,0.70211503,2
592,0.736248654,-0.448448857,0
593,0.739499375,0.371237228,2
594,0.739837798,0.077955692,2
595,0.745379925,0.689091693,2
596,0.745424597,0.803894085,2
597,0.752549206,0.241498578,2
598,0.758401325,-0.463124055,0
599,0.75844476,-0.481582611,0
600,0.764747205,0.584113165,2
601,0.768143149,0.752763976,2
602,0.770250442,0.632868236,2
603,0.771157216,0.569504189,2
604,0.772296869,0.68470971,2
605,0.775621398,0.840621626,2
606,0.775965041,0.550996203,2
607,0.777638556,0.514430968,2
608,0.777661707,-0.294722388,0
609,0.778429592,0.246280407,2
610,0.78102464,0.665380123,2
611,0.78685864,0.598054021,2
612,0.78805902,-0.305680908,0
613,0.789480858,0.49833875,2
614,0.789493017,0.685986717,2
615,0.790321777,-0.423506193,0
616,0.790380326,0.718825927,2
617,0.792082851,0.489530636,2
618,0.792310123,0.495352479,2
619,0.792693271,0.765309563,2
620,0.793559459,0.47110269,2
621,0.793663572,0.257529771,2
622,0.79794114,0.658677851,2
623,0.798284195,-0.606318357,0
624,0.798473052,-0.516234928,0
625,0.801548289,-0.429967025,0
626,0.80198352,0.918029295,2
627,0.802978717,-0.658996558,0
628,0.804953907,-0.440942193,0
629,0.806291636,0.715678129,2
630,0.80669712,-0.708408165,0
631,0.8124669,-0.45089569,0
632,0.815514205,0.538206284,2
633,0.817669104,0.717004796,2
634,0.821966404,-0.503214864,0
635,0.82607303,-0.502422745,0
636,0.826701357,-0.494149052,0
637,0.829572372,0.281022759,2
638,0.830686012,0.711664176,2
639,0.831283458,0.277891909,2
640,0.835260509,0.312619988,2
641,0.838138175,-0.383725023,0
642,0.838919098,-0.614797912,0
643,0.839854243,0.293164835,2
644,0.849712736,0.321505014,2
645,0.850417816,-0.457957259,0
646,0.85239965,-0.326586247,0
647,0.856187764,0.220703701,2
648,0.856192922,0.757116007,2
649,0.858238374,-0.492092287,0
650,0.858563884,0.169519139,2
651,0.860883528,-0.541565357,0
652,0.861448605,-0.695816606,0
653,0.863213819,-0.372041724,0
654,0.86536842,-0.553006746,0
655,0.866864639,-0.585738979,0
656,0.869704073,0.447567207,2
657,0.87330092,0.343806122,2
658,0.873601114,0.73085159,2
659,0.873899602,-0.342088869,0
660,0.874425062,0.368311453,2
661,0.875789897,-0.607527667,0
662,0.881277071,0.123107031,2
663,0.885008665,0.495680552,2
664,0.887156163,0.695043457,2
665,0.890177407,-0.486021502,0
666,0.892065204,-0.457726603,0
667,0.893568678,0.504089909,2
668,0.894270564,0.254356712,2
669,0.897591056,0.602845817,2
670,0.898127337,0.299666271,2
671,0.900687865,0.212535415,2
672,0.903979121,0.245964005,2
673,0.906343806,0.665728221,2
674,0.906438734,0.463790885,2
675,0.906526565,-0.524040663,0
676,0.907107255,-0.024525844,0
677,0.907552743,-0.538987809,0
678,0.912896931,0.408670896,2
679,0.914370631,0.058856964,0
680,0.914406521,0.142779618,2
681,0.917123169,-0.473231971,0
682,0.918643612,-0.464350009,0
683,0.924469847,0.441353426,2
684,0.92461626,0.550659578,2
685,0.92670391,-0.398664231,0
686,0.930154524,-0.515540228,0
687,0.931338882,0.507598294,2
688,0.93200172,0.15875005,2
689,0.935897514,0.440840626,2
690,0.942716573,0.318928415,2
691,0.945205223,0.194946569,2
692,0.948334008,-0.482347614,0
693,0.95163569,0.028504001,0
694,0.952081922,-0.537303649,0
695,0.953269243,0.427997618,2
696,0.958305637,-0.595327276,0
697,0.959054308,0.397798378,2
698,0.962547866,0.113552894,0
699,0.963921503,-0.035010695,0
700,0.964685838,0.269792108,2
701,0.964965213,-0.574145352,0
702,0.965175878,-0.538378052,0
703,0.966704125,0.007359147,0
704,0.966783609,-0.503314828,0
705,0.967305652,-0.01575142,0
706,0.969673898,-0.173480151,0
707,0.979887736,-0.630330753,0
708,0.981884608,-0.581225709,0
709,0.982807024,-0.325284387,0
710,0.985320941,0.157905783,0
711,0.989784245,0.057806769,0
712,0.98997347,0.307834489,2
713,0.99128177,0.354340185,2
714,0.993421137,0.620303199,2
715,0.996716137,0.370343574,2
716,0.999812705,-0.685276146,0
717,1.000534262,-0.606778343,0
718,1.000740492,0.433871142,2
719,1.006440036,0.289485692,2
720,1.009907565,-0.550695573,0
721,1.010751016,-0.35533665,0
722,1.011859916,-0.508759681,0
723,1.012226869,0.124983213,0
724,1.013908123,0.366195265,2
725,1.018627018,-0.016002138,0
726,1.01981426,0.18572426,0
727,1.021533113,0.113378241,0
728,1.023375678,0.168604936,0
729,1.025676779,0.324691887,2
730,1.025717669,0.29411423,2
731,1.032793672,0.479867921,2
732,1.032808706,0.102591825,0
733,1.035461634,0.050679197,0
734,1.036524176,-0.653608753,0
735,1.037967219,0.406488357,2
736,1.039786126,0.378884045,2
737,1.03990587,-0.451979024,0
738,1.041790995,0.298822157,0
739,1.042219431,0.369641547,2
740,1.043407988,-0.571114177,0
741,1.04470334,0.172505079,0
742,1.045371947,-0.339126033,0
743,1.049830084,0.200013095,0
744,1.050514192,0.529450515,2
745,1.054574683,-0.487004252,0
746,1.056346366,0.015422292,0
747,1.056778042,-0.4985947,0
748,1.057801368,-0.406588169,0
749,1.062480126,-0.434351398,0
750,1.064129831,-0.432642089,0
751,1.076832929,-0.541215001,0
752,1.085301516,0.612694612,2
753,1.086294116,-0.557819978,0
754,1.086940115,0.156729355,0
755,1.090335462,-0.474167009,0
756,1.09059246,-0.547337258,0
757,1.100287786,0.322554345,0
758,1.100416107,-0.297574358,0
759,1.101485364,0.047262683,0
760,1.102843097,0.309006733,0
761,1.103480054,-0.651659373,0
762,1.10552939,0.131374156,0
763,1.107823674,-0.51280021,0
764,1.110911601,0.170748298,0
765,1.111141877,0.472294888,2
766,1.117532718,0.524651308,2
767,1.118616037,-0.508228871,0
768,1.118617253,-0.467226444,0
769,1.123716757,-0.586016589,0
770,1.129244264,0.154610268,0
771,1.134811508,-0.442927049,0
772,1.137017724,-0.357505372,0
773,1.137881789,-0.42066738,0
774,1.144239078,-0.499812124,0
775,1.168654859,-0.460073428,0
776,1.169013558,-0.426382523,0
777,1.17276007,-0.249943908,0
778,1.173645499,0.301732393,0
779,1.182877744,-0.646379974,0
780,1.18473036,-0.658833473,0
781,1.188601936,-0.419717009,0
782,1.194311133,-0.395827248,0
783,1.198531713,-0.386184991,0
784,1.201032936,-0.502962452,0
785,1.209151565,-0.429702384,0
786,1.21446197,-0.519702779,0
787,1.216413505,-0.306731081,0
788,1.223056551,-0.340946621,0
789,1.226785193,-0.607051542,0
790,1.231784535,-0.572838312,0
791,1.236562721,-0.32330232,0
792,1.237783438,-0.6486542,0
793,1.239665176,-0.760255368,0
794,1.254670286,-0.456763763,0
795,1.263193191,-0.488646866,0
796,1.267889822,-0.499312676,0
797,1.270237594,-0.516042009,0
798,1.277333405,-0.557364481,0
799,1.278833056,-0.638628218,0
800,1.280237079,-0.285629092,0
801,1.285962671,-0.451608729,0
802,1.295060281,-0.288070035,0
803,1.309681146,-0.598692604,0
804,1.325491093,-0.501159289,0
805,1.328780124,-0.501424753,0
806,1.340828191,-0.553821604,0
807,1.352323153,-0.473145069,0
808,1.361351766,-0.345940721,0
809,1.362198039,-0.402777139,0
810,1.364306985,-0.370817555,0
811,1.37539317,-0.351965243,0
812,1.383357185,-0.447970519,0
813,1.389977298,-0.352530838,0
814,1.390149099,-0.435906821,0
815,1.392723621,-0.357638778,0
816,1.414494504,-0.438791061,0
817,1.417033072,-0.50153248,0
818,1.428051662,-0.326946656,0
819,1.43985727,-0.424273034,0
820,1.448698704,-0.23438237,0
821,1.452660444,-0.545748314,0
822,1.453069063,-0.397690717,0
823,1.458222096,-0.450222494,0
824,1.463577641,-0.403413124,0
825,1.463832943,-0.278994463,0
826,1.463889931,-0.401048876,0
827,1.466496508,-0.207345892,0
828,1.471097818,-0.339162313,0
829,1.474468094,-0.28669242,0
830,1.474592895,-0.341352515,0
831,1.47945462,-0.391151762,0
832,1.47999485,-0.527112214,0
833,1.487754499,-0.224707249,0
834,1.488171703,-0.447911656,0
835,1.494622655,-0.273441555,0
836,1.500269754,-0.169411306,0
837,1.502177439,-0.468424557,0
838,1.511224687,-0.48375512,0
839,1.524663843,-0.30882979,0
840,1.526246389,-0.204361934,0
841,1.535945951,-0.485139164,0
842,1.542074689,-0.357130985,0
843,1.542818784,-0.069021356,0
844,1.544932108,-0.121326071,0
845,1.545627865,-0.265713782,0
846,1.547028104,-0.156692279,0
847,1.553568872,-0.292064626,0
848,1.553775718,-0.406702506,0
849,1.562466979,-0.333122507,0
850,1.564289837,-0.237415668,0
851,1.576193003,-0.168992344,0
852,1.585310984,-0.31664371,0
853,1.58775702,-0.379493287,0
854,1.594148771,-0.297815888,0
855,1.597703853,-0.010489932,0
856,1.604115138,-0.167586634,0
857,1.607721123,-0.338935625,0
858,1.610930482,-0.195636598,0
859,1.612864821,-0.138831895,0
860,1.620380772,-0.515629839,0
861,1.628738522,0.036272235,0
862,1.635301125,-0.212207402,0
863,1.637991403,-0.462525097,0
864,1.639281329,-0.100089967,0
865,1.642077661,-0.482510007,0
866,1.646762157,-0.047171098,0
867,1.65195686,-0.276309211,0
868,1.654462383,-0.274021242,0
869,1.654665627,-0.40441044,0
870,1.658309563,0.027399495,0
871,1.662153483,-0.194677838,0
872,1.663089095,-0.158273797,0
873,1.669942701,-0.420401477,0
874,1.671291791,-0.335852803,0
875,1.682720802,-0.317219981,0
876,1.692334547,-0.405504685,0
877,1.703486915,-0.087519797,0
878,1.714897337,-0.334330774,0
879,1.71936229,-0.159399437,0
880,1.724855865,-0.290319585,0
881,1.732040079,-0.014646138,0
882,1.733112244,0.127008511,0
883,1.743788089,0.091986115,0
884,1.745494987,-0.263044549,0
885,1.75774682,-0.250623941,0
886,1.758357282,-0.082797626,0
887,1.760702222,-0.203756181,0
888,1.763825315,0.206778723,0
889,1.766693354,-0.351459824,0
890,1.769543229,-0.293763796,0
891,1.774103168,0.182553718,0
892,1.77671507,0.01880365,0
893,1.778045075,-0.221238829,0
894,1.77953761,-0.238567191,0
895,1.782727037,0.016393419,0
896,1.784814413,-0.334122862,0
897,1.800300768,-0.149813344,0
898,1.802330939,-0.28470339,0
899,1.802585116,0.149683774,0
900,1.811662692,-0.083554677,0
901,1.820911723,-0.224716362,0
902,1.822000087,0.265970263,0
903,1.823353818,0.385310772,0
904,1.82507072,-0.126811303,0
905,1.826009716,-0.060420183,0
906,1.826237614,-0.014713069,0
907,1.826438636,-0.219689746,0
908,1.829380563,-0.345409257,0
909,1.834989339,0.087166907,0
910,1.837127454,-0.160767104,0
911,1.838400427,-0.054757093,0
912,1.839504547,0.357299885,0
913,1.843951,0.624289217,0
914,1.844721742,0.289144269,0
915,1.851663617,0.124093907,0
916,1.863685378,-0.070524279,0
917,1.866605272,-0.05384825,0
918,1.867691832,0.264038528,0
919,1.868497232,0.294445656,0
920,1.873568561,0.373364128,0
921,1.873732867,0.361726979,0
922,1.879041396,0.085487688,0
923,1.880749717,0.050331541,0
924,1.891380532,-0.096055708,0
925,1.895906631,0.184728153,0
926,1.895974785,0.252788471,0
927,1.901671535,0.027991015,0
928,1.903377084,0.063915657,0
929,1.905129513,0.3980775,0
930,1.906757782,-0.290599457,0
931,1.909012575,0.166469208,0
932,1.909412223,0.17622054,0
933,1.910509385,0.260839997,0
934,1.910583001,0.274655138,0
935,1.91195955,-0.20309704,0
936,1.91274198,0.016594549,0
937,1.913422604,0.02217078,0
938,1.914094355,0.517549716,0
939,1.918398812,0.3814185,0
940,1.923751509,-0.184214639,0
941,1.935387095,0.652183046,0
942,1.935636404,0.455237534,0
943,1.937977148,0.055143187,0
944,1.940201761,0.365398255,0
945,1.944976207,0.543222819,0
946,1.946761426,0.190988228,0
947,1.948491916,0.291419053,0
948,1.949633028,0.082278629,0
949,1.949813692,-0.053758233,0
950,1.954138139,0.355090829,0
951,1.954722804,0.032832665,0
952,1.957567752,0.343749427,0
953,1.959355452,-0.029018676,0
954,1.96007615,0.01761602,0
955,1.961053354,0.06091693,0
956,1.965069038,0.576999509,0
957,1.965774712,0.085136522,0
958,1.967937305,0.332426871,0
959,1.970616641,-0.014393983,0
960,1.971304272,0.168473093,0
961,1.975421151,0.443453262,0
962,1.978414136,-0.083110481,0
963,1.979919611,0.031259127,0
964,1.988282432,0.359408327,0
965,1.98846154,0.525118324,0
966,1.993924889,0.107053112,0
967,1.995115446,-0.040200813,0
968,1.996578032,0.306741703,0
969,1.997078822,-0.143924555,0
970,1.999031527,0.232400027,0
971,2.003941828,0.341509692,0
972,2.007030517,0.325827805,0
973,2.007599721,0.50780319,0
974,2.016316879,0.251929783,0
975,2.022185898,0.51705302,0
976,2.022199597,-0.123134485,0
977,2.029463205,0.323705541,0
978,2.03298445,-0.014608111,0
979,2.035249591,0.10055061,0
980,2.043079403,0.318384724,0
981,2.043248609,0.005979691,0
982,2.045866476,0.315849581,0
983,2.054377147,0.260990477,0
984,2.060345101,0.422940809,0
985,2.060629609,0.16094883,0
986,2.062322796,0.181776194,0
987,2.066974719,0.312269583,0
988,2.078220324,0.144708248,0
989,2.080900469,0.143407221,0
990,2.082744654,0.067021212,0
991,2.09378384,0.177860544,0
992,2.132488329,0.311370849,0
993,2.157437613,0.067016207,0
994,2.159064802,0.47233147,0
995,2.161932107,0.195407427,0
996,2.162429377,0.453723415,0
997,2.165838042,0.142122204,0
998,2.184566066,0.391023832,0
999,2.202555718,0.18976876,0
