,0,1,cluster
0,-2.33,1.93,2
1,-2.28,4.62,2
2,-1.33,3.1,2
3,-1.05,-0.473,2
4,-0.884,4.33,2
5,-0.681,0.888,2
6,-0.571,3.58,2
7,-0.5,0.584,2
8,-0.426,-0.136,2
9,-0.19,0.555,2
10,0.00789,3.05,2
11,0.0224,1.25,2
12,0.0518,1.86,2
13,0.0811,4.41,2
14,0.0922,-0.812,2
15,0.103,2.18,2
16,0.131,3.12,2
17,0.17,2.96,2
18,0.181,2.19,2
19,0.197,2.98,2
20,0.262,-0.457,2
21,0.313,1.53,2
22,0.328,4.83,2
23,0.35,1.21,2
24,0.4,4.59,2
25,0.45,2.12,2
26,0.468,5.61,2
27,0.494,0.71,2
28,0.68,2.37,2
29,0.741,-0.214,2
30,0.803,3.26,2
31,0.842,0.0822,2
32,0.887,-2.0,2
33,0.942,2.42,2
34,0.97,3.69,2
35,1.1,0.219,2
36,1.13,5.81,2
37,1.17,2.6,2
38,1.28,3.51,2
39,1.3,3.3,2
40,1.31,1.31,2
41,1.32,1.1,2
42,1.35,3.75,2
43,1.41,8.47,0
44,1.42,-0.0732,2
45,1.46,4.17,2
46,1.48,-0.988,2
47,1.63,-0.457,2
48,1.64,-0.208,2
49,1.66,0.493,2
50,1.7,1.01,2
51,1.79,1.16,2
52,1.79,1.21,2
53,1.83,4.8,2
54,1.84,4.26,2
55,1.85,12.5,0
56,1.9,3.1,2
57,1.9,-0.488,2
58,2.14,1.03,2
59,2.14,3.57,2
60,2.18,3.09,2
61,2.18,14.8,0
62,2.23,4.78,2
63,2.25,4.13,2
64,2.25,12.5,0
65,2.32,2.53,2
66,2.35,12.0,0
67,2.36,4.26,2
68,2.36,11.4,0
69,2.41,13.0,0
70,2.45,1.53,2
71,2.57,0.529,2
72,2.58,3.51,2
73,2.59,13.3,0
74,2.6,3.3,2
75,2.61,11.5,0
76,2.66,0.953,2
77,2.68,1.13,2
78,2.75,11.9,0
79,2.79,11.8,0
80,2.8,1.09,2
81,2.82,3.58,2
82,2.84,11.4,0
83,2.92,0.124,2
84,2.92,11.7,0
85,2.97,13.0,0
86,2.97,11.6,0
87,2.99,11.4,0
88,3.0,12.0,0
89,3.02,12.3,0
90,3.08,-0.314,2
91,3.11,1.63,2
92,3.11,12.1,0
93,3.12,11.5,0
94,3.14,10.6,0
95,3.15,11.3,0
96,3.17,3.03,2
97,3.23,0.0245,2
98,3.24,13.3,0
99,3.25,12.0,0
100,3.3,12.0,0
101,3.3,13.9,0
102,3.32,12.2,0
103,3.33,13.2,0
104,3.33,13.4,0
105,3.37,12.6,0
106,3.39,14.4,0
107,3.43,11.8,0
108,3.47,1.65,2
109,3.49,12.6,0
110,3.54,10.9,0
111,3.55,-0.969,2
112,3.55,12.3,0
113,3.56,12.0,0
114,3.59,4.1,2
115,3.59,11.9,0
116,3.63,12.7,0
117,3.67,12.3,0
118,3.7,-2.02,2
119,3.7,13.0,0
120,3.71,12.8,0
121,3.72,12.1,0
122,3.73,12.5,0
123,3.74,1.3,2
124,3.75,11.9,0
125,3.76,2.33,2
126,3.83,3.32,2
127,3.83,-0.0631,2
128,3.84,11.4,0
129,3.85,2.48,2
130,3.86,11.4,0
131,3.87,0.187,2
132,3.88,-0.0465,2
133,3.88,11.9,0
134,3.88,12.3,0
135,3.9,11.7,0
136,3.92,11.8,0
137,3.93,13.1,0
138,3.96,12.6,0
139,4.0,11.9,0
140,4.01,12.4,0
141,4.01,11.3,0
142,4.05,1.83,2
143,4.06,11.2,0
144,4.06,12.9,0
145,4.08,12.1,0
146,4.1,12.4,0
147,4.11,11.4,0
148,4.13,12.2,0
149,4.15,11.8,0
150,4.2,10.6,0
151,4.25,11.7,0
152,4.25,13.1,0
153,4.26,12.7,0
154,4.29,12.1,0
155,4.3,11.8,0
156,4.31,12.0,0
157,4.31,11.8,0
158,4.33,10.3,0
159,4.34,11.4,0
160,4.34,12.1,0
161,4.35,2.62,2
162,4.37,11.6,0
163,4.41,2.32,2
164,4.41,-1.45,2
165,4.42,11.4,0
166,4.42,10.9,0
167,4.48,13.0,0
168,4.49,12.3,0
169,4.53,11.6,0
170,4.57,12.3,0
171,4.57,12.6,0
172,4.57,7.83,1
173,4.69,12.3,0
174,4.73,10.8,0
175,4.78,11.8,0
176,4.8,10.9,0
177,4.81,-0.637,2
178,4.82,12.2,0
179,4.89,11.5,0
180,4.9,6.24,1
181,4.95,5.23,2
182,4.96,1.41,2
183,4.97,13.2,0
184,5.02,11.2,0
185,5.11,1.96,2
186,5.15,11.0,0
187,5.23,7.99,1
188,5.27,2.27,2
189,5.28,6.42,1
190,5.38,12.6,0
191,5.4,13.2,0
192,5.4,7.77,1
193,5.5,13.2,0
194,5.52,7.55,1
195,5.53,14.4,0
196,5.54,8.0,1
197,5.56,10.7,0
198,5.59,11.8,0
199,5.62,7.07,1
200,5.63,7.84,1
201,5.65,7.22,1
202,5.69,12.9,0
203,5.71,7.65,1
204,5.75,7.07,1
205,5.79,7.04,1
206,5.91,6.1,1
207,5.95,0.899,2
208,5.99,7.02,1
209,6.0,7.27,1
210,6.02,7.28,1
211,6.03,6.04,1
212,6.06,12.3,0
213,6.06,7.33,1
214,6.07,6.44,1
215,6.07,6.83,1
216,6.08,4.6,1
217,6.1,13.8,0
218,6.13,6.11,1
219,6.13,6.75,1
220,6.19,13.0,0
221,6.19,7.22,1
222,6.19,7.25,1
223,6.19,7.18,1
224,6.31,7.57,1
225,6.35,5.62,1
226,6.36,5.42,1
227,6.41,1.14,2
228,6.41,5.98,1
229,6.45,6.05,1
230,6.45,7.41,1
231,6.46,7.5,1
232,6.47,7.78,1
233,6.48,6.59,1
234,6.49,5.44,1
235,6.49,6.68,1
236,6.51,7.6,1
237,6.53,6.64,1
238,6.65,7.4,1
239,6.67,1.81,2
240,6.67,7.11,1
241,6.73,6.73,1
242,6.76,8.55,1
243,6.78,7.88,1
244,6.79,5.58,1
245,6.8,5.64,1
246,6.85,8.47,1
247,6.86,7.05,1
248,6.86,8.2,1
249,6.87,7.37,1
250,6.9,8.67,1
251,6.91,11.8,0
252,6.92,5.73,1
253,6.96,5.94,1
254,7.01,4.95,1
255,7.04,6.72,1
256,7.06,8.16,1
257,7.07,5.15,1
258,7.09,8.77,1
259,7.15,6.18,1
260,7.19,8.29,1
261,7.2,7.29,1
262,7.24,8.12,1
263,7.25,6.27,1
264,7.26,6.87,1
265,7.27,6.41,1
266,7.27,6.72,1
267,7.3,7.29,1
268,7.31,6.2,1
269,7.31,9.8,1
270,7.34,6.76,1
271,7.35,6.95,1
272,7.36,6.02,1
273,7.38,6.25,1
274,7.46,5.07,1
275,7.46,7.83,1
276,7.48,7.82,1
277,7.5,9.13,1
278,7.56,8.41,1
279,7.56,10.2,1
280,7.59,5.71,1
281,7.59,6.67,1
282,7.62,7.39,1
283,7.63,5.96,1
284,7.64,7.84,1
285,7.65,6.85,1
286,7.72,8.37,1
287,7.79,6.74,1
288,7.85,7.15,1
289,7.87,8.07,1
290,7.97,7.45,1
291,8.0,7.56,1
292,8.0,7.93,1
293,8.04,11.0,1
294,8.08,7.54,1
295,8.18,10.3,1
296,8.23,9.7,1
297,8.28,7.01,1
298,8.31,9.69,1
299,8.31,5.1,1
300,8.42,6.88,1
301,8.46,7.93,1
302,8.5,8.81,1
303,8.55,11.6,1
304,8.66,7.05,1
305,8.69,7.77,1
306,8.71,10.9,1
307,8.72,11.4,1
308,8.79,10.4,1
309,8.83,9.63,1
310,8.86,13.0,1
311,8.86,10.4,1
312,8.9,9.35,1
313,8.96,9.44,1
314,9.08,10.1,1
315,9.09,10.6,1
316,9.12,11.8,1
317,9.2,11.2,1
318,9.23,10.6,1
319,9.27,7.33,1
320,9.29,6.48,1
321,9.31,8.7,1
322,9.31,10.1,1
323,9.35,10.4,1
324,9.38,10.2,1
325,9.41,8.9,1
326,9.42,10.1,1
327,9.42,9.92,1
328,9.43,11.1,1
329,9.45,10.3,1
330,9.48,9.45,1
331,9.51,10.4,1
332,9.54,9.62,1
333,9.59,9.95,1
334,9.6,9.02,1
335,9.63,8.63,1
336,9.63,9.93,1
337,9.66,8.78,1
338,9.66,11.6,1
339,9.68,11.5,1
340,9.69,9.84,1
341,9.7,9.75,1
342,9.73,9.91,1
343,9.74,10.8,1
344,9.75,11.6,1
345,9.76,8.92,1
346,9.76,8.7,1
347,9.77,9.26,1
348,9.8,10.7,1
349,9.85,11.1,1
350,9.88,10.2,1
351,9.97,10.9,1
352,9.99,9.59,1
353,10.0,9.16,1
354,10.1,9.33,1
355,10.1,11.3,1
356,10.1,10.7,1
357,10.1,9.77,1
358,10.1,10.4,1
359,10.1,11.0,1
360,10.1,8.64,1
361,10.2,9.5,1
362,10.2,9.61,1
363,10.2,9.64,1
364,10.3,10.9,1
365,10.4,9.3,1
366,10.4,11.4,1
367,10.4,9.06,1
368,10.4,10.7,1
369,10.5,11.6,1
370,10.5,11.5,1
371,10.5,11.4,1
372,10.5,9.71,1
373,10.7,10.1,1
374,10.7,9.86,1
375,10.7,10.6,1
376,10.8,11.4,1
377,10.8,11.3,1
378,10.8,8.44,1
379,10.8,11.1,1
380,11.0,11.0,1
381,11.0,9.31,1
382,11.0,9.24,1
383,11.0,11.4,1
384,11.0,9.17,1
385,11.0,11.2,1
386,11.1,9.46,1
387,11.5,9.7,1
388,11.5,10.1,1
389,11.5,10.5,1
390,11.5,11.3,1
391,11.7,9.37,1
392,11.7,12.5,1
393,11.8,9.59,1
394,11.8,10.2,1
395,12.0,11.6,1
396,12.0,9.31,1
397,12.1,9.71,1
398,12.1,9.78,1
399,12.3,9.59,1
