,0,1,2,cluster
0,10.8,9.76,9.6,0
1,9.93,10.5,9.59,0
2,11.9,9.9,9.92,0
3,11.4,10.8,12.2,0
4,12.3,12.5,9.45,0
5,9.84,9.5,9.02,0
6,10.3,11.1,10.2,0
7,10.0,8.27,10.6,0
8,9.34,9.53,10.9,0
9,10.0,8.18,10.6,0
10,9.81,10.3,9.82,0
11,9.5,10.4,10.5,0
12,9.05,9.71,9.9,0
13,9.86,9.19,8.67,0
14,9.65,10.6,9.24,0
15,8.91,10.6,9.16,0
16,10.0,12.0,9.25,0
17,9.99,9.44,9.59,0
18,10.0,8.7,10.0,0
19,8.35,10.4,8.31,0
20,10.9,9.64,9.12,0
21,11.6,10.6,9.24,0
22,11.6,10.5,11.7,0
23,11.0,11.1,9.77,0
24,8.82,9.54,10.6,0
25,9.27,9.84,8.91,0
26,11.2,7.89,8.45,0
27,12.6,10.2,9.87,0
28,10.8,9.92,9.8,0
29,8.77,12.4,10.3,0
30,10.5,10.7,7.87,0
31,10.4,8.35,9.78,0
32,12.2,10.7,9.46,0
33,10.2,9.47,10.6,0
34,10.3,11.2,11.3,0
35,10.4,11.0,7.89,0
36,10.1,8.12,10.3,0
37,10.1,10.0,10.4,0
38,9.34,10.7,11.8,0
39,9.77,9.89,9.99,0
40,11.4,7.79,10.7,0
41,10.9,10.1,11.2,0
42,9.57,9.39,10.0,0
43,9.78,9.89,8.97,0
44,8.29,10.7,8.32,0
45,9.66,10.6,10.4,0
46,10.1,11.3,9.71,0
47,11.2,11.5,9.68,0
48,10.7,9.03,9.68,0
49,9.34,10.4,9.5,0
50,10.8,12.0,9.47,0
51,8.16,10.3,11.2,0
52,9.36,8.71,8.38,0
53,10.2,10.8,9.2,0
54,10.9,10.1,10.6,0
55,9.02,10.4,10.5,0
56,9.26,9.54,10.5,0
57,8.77,7.5,9.72,0
58,11.2,9.03,10.2,0
59,10.0,10.1,10.4,0
60,11.1,9.18,9.99,0
61,11.6,10.6,9.7,0
62,9.68,9.67,9.23,0
63,8.75,9.72,10.3,0
64,10.6,9.8,12.4,0
65,8.26,8.3,10.0,0
66,9.46,10.1,9.66,0
67,9.32,8.74,10.8,0
68,9.33,10.2,9.53,0
69,11.6,10.9,10.6,0
70,11.0,11.2,9.37,0
71,11.6,10.3,11.5,0
72,12.2,9.77,11.2,0
73,10.1,10.3,10.9,0
74,10.3,8.2,9.69,0
75,10.9,10.6,10.2,0
76,10.2,10.9,10.6,0
77,11.2,9.85,9.23,0
78,10.5,9.42,10.6,0
79,9.9,9.97,11.0,0
80,9.78,11.3,9.18,0
81,9.03,9.78,10.4,0
82,8.8,10.3,9.82,0
83,10.8,9.43,8.64,0
84,8.92,10.7,8.95,0
85,10.5,9.68,11.9,0
86,10.8,9.6,10.1,0
87,10.5,9.74,9.94,0
88,11.2,10.4,10.7,0
89,7.85,10.2,8.74,0
90,10.3,9.7,10.2,0
91,10.5,9.35,10.1,0
92,10.6,9.4,8.68,0
93,8.98,10.5,9.36,0
94,9.47,10.9,9.58,0
95,8.46,10.2,13.3,0
96,9.48,7.81,10.2,0
97,8.47,9.43,10.2,0
98,11.2,11.4,10.9,0
99,11.3,9.93,10.7,0
100,4.78,8.13,6.35,1
101,7.07,6.78,6.95,1
102,7.29,6.86,7.51,1
103,6.11,6.23,7.24,1
104,7.25,6.2,5.73,1
105,6.33,6.66,8.18,1
106,7.82,6.13,6.88,1
107,7.34,6.43,6.56,1
108,6.73,7.86,7.63,1
109,5.64,6.71,7.46,1
110,4.65,6.63,8.46,1
111,6.31,7.69,7.03,1
112,7.41,6.18,7.23,1
113,7.0,4.8,7.8,1
114,7.7,6.44,7.67,1
115,7.04,6.92,7.75,1
116,4.14,6.42,6.74,1
117,5.44,7.06,10.3,1
118,7.18,6.08,7.53,1
119,7.68,5.37,6.31,1
120,7.23,6.9,5.7,1
121,6.45,7.28,7.7,1
122,7.6,9.45,6.04,1
123,7.66,7.58,6.2,1
124,7.6,6.36,7.68,1
125,7.6,5.55,6.58,1
126,6.71,7.75,8.5,1
127,4.88,6.63,7.25,1
128,7.34,7.9,8.12,1
129,5.69,5.46,8.5,1
130,6.58,8.03,7.88,1
131,8.29,5.84,6.44,1
132,6.56,8.47,8.21,1
133,6.85,9.74,6.72,1
134,7.4,8.3,6.16,1
135,5.54,5.91,6.7,1
136,6.13,8.91,8.13,1
137,6.8,6.85,7.45,1
138,8.84,6.79,7.82,1
139,7.34,6.6,5.16,1
140,7.04,7.07,5.93,1
141,7.38,7.22,8.19,1
142,9.87,7.25,6.6,1
143,5.03,7.12,8.74,1
144,6.68,5.94,7.78,1
145,8.17,6.45,5.77,1
146,6.63,6.86,6.95,1
147,7.19,4.77,6.88,1
148,8.19,8.1,6.13,1
149,8.16,6.73,6.22,1
150,8.39,6.55,7.33,1
151,7.08,7.28,6.74,1
152,7.2,6.65,5.13,1
153,8.09,6.95,5.03,1
154,7.48,7.61,9.82,1
155,6.83,5.67,6.83,1
156,10.2,7.52,7.76,0
157,7.04,5.69,5.79,1
158,7.46,6.73,6.49,1
159,7.26,8.42,9.38,1
160,5.61,6.19,6.03,1
161,7.17,7.37,8.91,1
162,5.01,8.02,5.57,1
163,7.34,6.2,6.42,1
164,6.69,6.83,4.98,1
165,4.79,7.67,6.88,1
166,7.23,6.0,6.73,1
167,8.15,8.56,5.69,1
168,6.54,6.98,7.37,1
169,8.46,6.38,6.34,1
170,6.26,8.17,7.17,1
171,7.19,7.99,7.0,1
172,6.08,7.17,7.22,1
173,7.13,5.15,9.24,1
174,5.91,5.75,5.59,1
175,7.28,6.84,7.61,1
176,7.63,5.98,5.65,1
177,6.58,6.96,5.75,1
178,7.62,6.23,7.82,1
179,6.61,6.75,6.52,1
180,5.94,6.86,8.36,1
181,7.23,6.63,6.43,1
182,7.43,4.5,6.46,1
183,7.21,7.52,6.96,1
184,5.56,7.17,7.78,1
185,7.79,5.2,7.39,1
186,7.86,5.7,7.06,1
187,6.51,6.95,8.38,1
188,9.34,9.42,6.8,0
189,7.54,6.36,7.27,1
190,7.9,7.32,9.13,1
191,7.4,7.34,8.24,1
192,7.93,7.35,7.0,1
193,7.54,8.07,7.68,1
194,7.59,6.73,7.61,1
195,6.53,6.83,6.91,1
196,5.94,9.52,8.12,1
197,7.85,5.63,6.17,1
198,8.6,7.38,6.81,1
199,8.55,8.47,5.33,1
